1,2315,1875
2,2315,2210
3,2275,2030
4,1875,2030
5,2030,2210
6,1150,1140
7,1135,1140
8,1140,1145
9,2315,2030
10,2275,1875
11,2275,2210
12,1875,2210
13,1150,1135
14,1150,1145
15,1135,1145
16,2955,280
17,1205,1185
18,1120,1245
19,1285,1325
20,1315,1265
21,1185,1165
22,1260,1165
23,1305,1210
24,1295,1190
25,1285,1180
26,1195,1155
27,1160,1280
28,1145,1170
29,1235,1300
30,1310,1280
31,1220,1275
32,1110,1250
33,1255,1125
34,1270,1240
35,1290,1195
36,1240,1220
37,1330,1325
38,1115,1220
39,1200,1180
40,1265,1250
41,1280,1285
42,1105,1165
43,1325,1180
44,1245,1225
45,1325,1160
46,1330,1185
47,1250,1230
48,1285,1160
49,1230,1210
50,1210,1190
51,1215,1235
52,1190,1170
53,1195,1215
54,1195,1175
55,1180,1280
56,1320,1160
57,1135,1275
58,1175,1150
59,1270,1130
60,1275,1200
61,1255,1240
62,1220,1200
63,1180,1160
64,1140,1225
65,1225,1205
66,1260,2995
67,2965,1590
68,1670,2810
69,1380,2775
70,1545,2785
71,1590,1385
72,1385,1390
73,1390,1405
74,1405,1355
75,1355,1410
76,1410,1415
77,1415,1430
78,1435,1440
79,1440,1445
80,1445,1375
81,1375,1610
82,1450,2950
83,1385,1630
84,1630,2860
85,1400,1550
86,1400,1570
87,1570,1625
88,1625,2975
89,1400,1530
90,1530,1620
91,1620,1575
92,1575,1535
93,1410,1565
94,1565,1420
95,1420,1600
96,1415,1455
97,1430,1460
98,1440,1605
99,1435,1495
100,1410,1470
101,1470,1360
102,1490,1495
103,1525,1615
104,1485,1585
105,1495,1540
106,1540,1555
107,1545,1500
108,1500,1505
109,1510,1515
110,1505,1450
111,1390,1595
112,1595,1340
113,1440,2795
114,1605,2795
115,1395,1640
116,1560,1640
117,1345,1640
118,1335,1640
119,1395,2860
120,1645,1395
121,1645,1400
122,1530,1635
123,1475,1360
124,1475,1480
125,1480,1485
126,1490,1485
127,1650,1340
128,1655,1340
129,1660,1655
130,1425,1660
131,1435,1430
132,1445,1545
133,1380,1450
134,1405,2835
135,1350,2835
136,1475,1665
137,1665,2810
138,1480,1670
139,1670,1675
140,1675,1520
141,1580,1520
142,1525,1580
143,1505,1510
144,1610,2775
145,1605,1370
146,1370,1465
147,1540,1680
148,1680,1515
149,1680,2785
150,1680,1545
151,1610,1380
152,1405,1350
153,1525,1635
154,1630,1395
155,1365,1635
156,1665,1670
157,1620,870
158,1615,835
159,1690,2800
160,1695,1725
161,1700,1705
162,1705,125
163,1710,1725
164,1715,170
165,1720,2820
166,1725,205
167,1730,175
168,1735,1695
169,1735,160
170,1740,1730
171,1740,2845
172,1745,195
173,1750,1740
174,1755,2900
175,1760,1770
176,1760,2895
177,1765,1775
178,1770,1780
179,1775,1785
180,1780,1790
181,1785,1710
182,1785,2850
183,1790,3000
184,1790,2870
185,1795,100
186,1795,200
187,3000,105
188,100,190
189,105,1750
190,110,2825
191,115,120
192,120,1700
193,125,2875
194,130,1685
195,130,110
196,135,180
197,140,1720
198,145,1755
199,145,170
200,150,2845
201,155,1765
202,160,155
203,165,1735
204,175,140
205,180,1765
206,185,210
207,190,130
208,195,165
209,200,115
210,205,1690
211,210,150
212,2800,1745
213,2850,1795
214,2875,1715
215,2900,135
216,2895,185
217,2920,1760
218,345,350
219,350,355
220,355,360
221,355,365
222,365,370
223,370,375
224,375,380
225,380,385
226,385,390
227,390,395
228,395,400
229,400,405
230,405,410
231,385,305
232,400,290
233,410,215
234,400,415
235,415,420
236,420,425
237,420,430
238,430,310
239,310,435
240,435,440
241,440,445
242,445,450
243,450,455
244,455,460
245,445,295
246,450,315
247,430,470
248,470,465
249,465,300
250,465,265
251,465,270
252,470,475
253,475,480
254,480,485
255,485,490
256,475,255
257,480,320
258,490,220
259,490,235
260,485,495
261,495,500
262,500,325
263,495,505
264,505,510
265,510,515
266,515,520
267,520,525
268,525,530
269,520,330
270,525,225
271,505,535
272,535,240
273,535,275
274,275,540
275,540,545
276,540,335
277,505,550
278,550,555
279,555,560
280,550,565
281,565,285
282,565,570
283,570,575
284,575,580
285,575,585
286,585,245
287,585,590
288,590,595
289,595,340
290,590,600
291,600,250
292,600,605
293,605,260
294,605,610
295,610,615
296,610,630
297,615,620
298,620,625
299,620,230
300,630,280
301,635,470
302,2935,640
303,640,645
304,645,2855
305,645,650
306,650,655
307,655,660
308,650,665
309,665,670
310,670,675
311,675,680
312,675,2830
313,670,685
314,685,690
315,685,695
316,695,700
317,695,705
318,705,710
319,710,715
320,715,720
321,705,725
322,725,730
323,730,735
324,730,740
325,740,2790
326,2790,745
327,745,750
328,750,755
329,755,760
330,750,765
331,745,770
332,770,775
333,775,780
334,780,785
335,785,2770
336,785,790
337,720,795
338,795,800
339,740,800
340,800,805
341,805,2780
342,2780,810
343,810,815
344,800,820
345,795,825
346,825,2805
347,825,830
348,830,835
349,835,840
350,840,845
351,845,850
352,850,855
353,850,860
354,860,865
355,865,870
356,855,875
357,855,880
358,880,885
359,890,2930
360,890,895
361,895,900
362,905,910
363,895,905
364,905,915
365,920,915
366,915,925
367,925,930
368,935,925
369,2880,935
370,940,2880
371,945,940
372,955,945
373,955,950
374,960,950
375,965,960
376,970,955
377,980,950
378,975,970
379,990,970
380,990,995
381,1000,990
382,1005,1000
383,985,1010
384,1015,1010
385,1010,1020
386,1020,940
387,1020,1845
388,1025,1005
389,1035,1030
390,1040,1030
391,1025,1030
392,1025,1045
393,1050,1045
394,1055,1045
395,1055,2905
396,2905,1065
397,1060,1065
398,1065,1070
399,1070,1075
400,1080,1075
401,1085,1830
402,1075,1085
403,1090,1085
404,1055,1100
405,1100,1800
406,1805,1100
407,1805,1810
408,1815,1805
409,1815,1820
410,1825,1820
411,1830,895
412,1830,1835
413,1095,1840
414,1845,1005
415,1845,1850
416,1090,1855
417,1855,1095
418,2925,2320
419,2320,2375
420,2375,2390
421,2390,2325
422,2325,2315
423,2315,2330
424,2330,2335
425,2330,2340
426,2340,2345
427,2345,2350
428,2350,2355
429,2355,2360
430,2360,2380
431,2380,2385
432,2385,2365
433,2365,2370
434,1880,1885
435,1880,2005
436,1885,1890
437,2000,1895
438,1895,1900
439,1900,1905
440,1905,1910
441,1910,1915
442,1895,1985
443,1895,2005
444,1920,1905
445,1920,1925
446,1925,1930
447,1900,1935
448,1935,1875
449,1875,1865
450,1865,1860
451,1890,1940
452,1940,1945
453,1945,1995
454,1995,1950
455,1950,1870
456,1940,1955
457,1955,1960
458,1960,1965
459,1965,1970
460,1965,1975
461,1975,1980
462,1980,1990
463,2990,2160
464,2160,2165
465,2160,2155
466,2160,2145
467,2155,2020
468,2165,2150
469,2020,2135
470,2135,2180
471,2180,2140
472,2030,2180
473,2145,2150
474,2145,2140
475,2150,2130
476,2140,2190
477,2190,2130
478,2130,2125
479,2125,2185
480,2185,2025
481,2025,2015
482,2015,2135
483,2015,2095
484,2095,2170
485,2170,2100
486,2100,2105
487,2105,2110
488,2110,2170
489,2105,2115
490,2115,2120
491,2110,2120
492,2120,2125
493,2115,2985
494,2095,2090
495,2090,2080
496,2080,2070
497,2075,2065
498,2065,2010
499,2060,2010
500,2060,2175
501,2055,2045
502,2050,2175
503,2040,2035
504,2215,2220
505,2225,2195
506,2210,2230
507,2230,2240
508,2195,2245
509,2250,2260
510,2255,2200
511,2200,2265
512,2285,2290
513,2290,2300
514,2300,2305
515,2270,2185
516,2310,2005
517,2395,2400
518,2400,2410
519,2410,2960
520,2420,2425
521,2430,2435
522,2425,2445
523,2450,2455
524,2460,2465
525,2470,2980
526,2910,2475
527,2475,2970
528,2915,2485
529,2485,2495
530,2500,2505
531,2500,2515
532,2520,2525
533,2525,2535
534,2535,2545
535,2550,2555
536,2560,2565
537,2570,2575
538,2580,2585
539,2585,2520
540,2945,2595
541,2600,2605
542,2610,2615
543,2620,2625
544,2630,2640
545,2640,2645
546,2650,2665
547,2660,2675
548,2675,2680
549,2685,2690
550,2610,2705
551,2655,2715
552,2600,2725
553,2615,2735
554,2640,2745
555,2695,2755
556,2690,2765
557,2650,2865
558,2840,2680
559,2770,2775
560,2790,2795
561,2800,2810
562,2805,2810
563,2810,2815
564,2820,2830
565,2820,2840
566,2825,2835
567,2830,2835
568,2835,2840
569,2845,2855
570,2845,2865
571,2850,2860
572,2855,2860
573,2860,2865
574,2870,2880
575,2870,2890
576,2875,2885
577,2880,2885
578,2885,2890
579,2895,2905
580,2895,2915
581,2900,2910
582,2905,2910
583,2910,2915
584,2930,2935
585,2950,2955
586,2970,2975
587,2990,2995
588,1870,2205
589,2315,2275
590,2090,2085
591,2085,2075
592,2080,2075
593,2065,2070
594,2070,2060
595,2010,2055
596,2175,2055
597,2045,2050
598,2050,2040
599,2035,2045
600,2220,2225
601,2195,2210
602,2230,2235
603,2240,2270
604,2245,2250
605,2245,2255
606,2200,2205
607,2280,2285
608,2290,2295
609,2300,2310
610,2305,2275
611,2190,2000
612,2885,2395
613,2400,2405
614,2410,2415
615,2395,2420
616,2425,2430
617,2425,2440
618,2445,2450
619,2450,2460
62